Family,Base combination,FragmentFilename,PDBID,NT1ID,NT2ID,Count,LW 2002 subgroup,Resolution,AG,AC,AU,AA,GG,CA,CU,CC,CG,GA,GC,GU,UC,UA,UU,UG,
cWS,AG,cWS_AG_Exemplar.pdb,CURATED_1J5E_CWS_AG_EXEMPLAR,1J5E_AU_1_A_607_A_,1J5E_AU_1_A_309_G_,1,5.1,3.05,9.806112,0.000000,1.187282,1.649338,1.721683,2.614800,3.264617,3.360932,3.440263,3.261325,4.770966,4.644388,5.096714,5.937687,6.368504,7.121947,7.216950
cWS,AC,cWS_AC_Exemplar.pdb,1L2X,1L2X_AU_1_A_25_A_,1L2X_AU_1_A_14_C_,81,5.1,1.25,9.226064,1.187282,0.000000,0.622778,1.178194,1.944149,2.455602,2.641424,2.816847,2.706337,3.728829,3.544751,4.013880,4.894997,5.489681,6.281760,6.449656
cWS,AU,cWS_AU_Exemplar.pdb,3NPN,3NPN_AU_1_A_44_A_,3NPN_AU_1_A_33_U_,36,5.1,2.79,9.460279,1.649338,0.622778,0.000000,1.001984,1.676627,2.614008,2.835776,3.050334,3.021330,3.338782,3.028633,3.472415,4.756730,5.478397,6.293418,6.511852
cWS,AA,cWS_AA_Exemplar.pdb,1J1U,1J1U_AU_1_B_514_A_,1J1U_AU_1_B_522_A_,72,5.1,1.95,9.585589,1.721683,1.178194,1.001984,0.000000,2.595361,3.434481,3.658690,3.889952,3.779396,4.084109,3.508123,3.823048,5.483645,6.299780,7.095594,7.329265
cWS,GG,cWS_GG_Exemplar.pdb,2BTE,2BTE_AU_1_B_13_G_,2BTE_AU_1_B_21_G_,5,5.5,2.9,9.486827,2.614800,1.944149,1.676627,2.595361,0.000000,2.578370,2.734806,2.830851,3.038016,2.616346,2.873348,3.414108,4.426846,4.956515,5.783315,5.987248
cWS,CA,cWS_CA_Exemplar.pdb,2OE5,2OE5_AU_1_A_1409_C_,2OE5_AU_1_B_1492_A_,20,5.2,1.51,7.683506,3.264617,2.455602,2.614008,3.434481,2.578370,0.000000,0.390542,0.681638,0.834964,3.052275,3.561449,4.160985,2.949939,3.157256,3.943432,4.057283
cWS,CU,cWS_CU_Exemplar.pdb,3LA5,3LA5_AU_1_A_50_C_,3LA5_AU_1_A_75_U_,18,5.2,1.7,7.710088,3.360932,2.641424,2.835776,3.658690,2.734806,0.390542,0.000000,0.409643,0.645816,3.281576,3.830811,4.436648,3.073206,3.126794,3.857428,3.917545
cWS,CC,cWS_CC_Exemplar.pdb,1S72,1S72_AU_1_0_1428_C_,1S72_AU_1_0_1439_C_,9,5.2,2.4,7.651536,3.440263,2.816847,3.050334,3.889952,2.830851,0.681638,0.409643,0.000000,0.500021,3.477029,4.124916,4.738027,3.246108,3.137663,3.841449,3.854063
cWS,CG,cWS_CG_Exemplar.pdb,1S72,1S72_AU_1_0_2720_C_,1S72_AU_1_0_2763_G_,6,5.2,2.4,7.682577,3.261325,2.706337,3.021330,3.779396,3.038016,0.834964,0.645816,0.500021,0.000000,3.791260,4.346069,4.944571,3.513020,3.430042,4.094198,4.091240
cWS,GA,cWS_GA_Exemplar.pdb,2AW7,2AW7_AU_1_A_394_G_,2AW7_AU_1_A_366_A_,3,[5.3],3.46,8.619675,4.770966,3.728829,3.338782,4.084109,2.616346,3.052275,3.281576,3.477029,3.791260,0.000000,1.443635,1.922520,2.659331,3.668241,4.455645,4.900762
cWS,GC,cWS_GC_Exemplar.pdb,1S72,1S72_AU_1_0_1302_G_,1S72_AU_1_0_1353_C_,7,5.3,2.4,9.065878,4.644388,3.544751,3.028633,3.508123,2.873348,3.561449,3.830811,4.124916,4.346069,1.443635,0.000000,0.635242,3.409333,4.670231,5.460582,5.917958
cWS,GU,cWS_GU_Exemplar.pdb,3U5H,3U5H_AU_1_5_661_G_,3U5H_AU_1_5_942_U_,11,5.3,3,9.511744,5.096714,4.013880,3.472415,3.823048,3.414108,4.160985,4.436648,4.738027,4.944571,1.922520,0.635242,0.000000,3.799859,5.135428,5.891865,6.381438
cWS,UC,cWS_UC_Exemplar.pdb,CURATED_MODEL_CWS_UC_EXEMPLAR,,,1,[5.4],NaN,6.681298,5.937687,4.894997,4.756730,5.483645,4.426846,2.949939,3.073206,3.246108,3.513020,2.659331,3.409333,3.799859,0.000000,1.522384,2.316090,2.837461
cWS,UA,cWS_UA_Exemplar.pdb,3LA5,3LA5_AU_1_A_49_U_,3LA5_AU_1_A_76_A_,23,5.4,1.7,6.077998,6.368504,5.489681,5.478397,6.299780,4.956515,3.157256,3.126794,3.137663,3.430042,3.668241,4.670231,5.135428,1.522384,0.000000,1.104465,1.465669
cWS,UU,cWS_UU_Exemplar.pdb,3U5H,3U5H_AU_1_5_343_U_,3U5H_AU_1_5_1439_U_,5,[5.4],3,5.846174,7.121947,6.281760,6.293418,7.095594,5.783315,3.943432,3.857428,3.841449,4.094198,4.455645,5.460582,5.891865,2.316090,1.104465,0.000000,0.656597
cWS,UG,cWS_UG_Exemplar.pdb,1S72,1S72_AU_1_0_1435_U_,1S72_AU_1_0_1389_G_,12,5.4,2.4,5.693276,7.216950,6.449656,6.511852,7.329265,5.987248,4.057283,3.917545,3.854063,4.091240,4.900762,5.917958,6.381438,2.837461,1.465669,0.656597,0.000000
