Family,Base combination,FragmentFilename,PDBID,NT1ID,NT2ID,Count,LW 2002 subgroup,Resolution,C1*-C1* distance,CC,UU,CA,UG,UA,AU,GC,CG,GU,AC,UU,CC,UC,CU,AA,GA,AG,AA
cWw,CC,cWw_CC_Exemplar.pdb,3RW6,3RW6_AU_1_H_16_C_,3RW6_AU_1_H_49_C_,6,1.6,2.3,8.125884,0.000000,1.662025,3.380350,4.059795,4.588691,4.726634,5.163788,5.011558,6.331086,6.131353,5.023753,5.164954,7.385256,6.915506,9.007330,8.243282,8.314203,7.883841
cwW,UU,cwW_UU_2_Exemplar.pdb,3SYW,3SYW_AU_1_A_14_U_,3SYW_AU_1_B_8_U_,216,1.6,1.57,8.797058,1.662025,0.000000,2.042863,2.558686,3.235320,3.403257,3.783417,3.600948,5.214564,5.180515,4.398885,5.023753,5.846792,5.298039,7.591205,6.723532,6.799960,6.368557
cWW,CA,cWW_CA_Exemplar.pdb,1KFO,1KFO_BA1_1_A_7_C_,1KFO_BA1_2_A_12_A_,67,1.2,1.6,10.227155,3.380350,2.042863,0.000000,0.836091,2.517014,2.764770,2.931567,2.647904,4.998518,5.156597,5.180515,6.131353,5.025225,4.240559,6.412715,5.184209,5.300370,4.571208
cWW,UG,cWW_UG_Exemplar.pdb,3ND3,3ND3_BA1_1_A_15_U_,3ND3_BA1_2_A_2_G_,1144,1.2,1.37,10.476845,4.059795,2.558686,0.836091,0.000000,2.278273,2.527174,2.566473,2.266830,4.719907,4.998518,5.214564,6.331086,4.313322,3.438553,5.796510,4.473698,4.597187,3.850570
cWW,UA,cWW_UA_Exemplar.pdb,466D,466D_AU_1_B_13_U_,466D_AU_1_A_2_A_,4200,1.1,1.16,10.191008,4.588691,3.235320,2.517014,2.278273,0.000000,0.253790,0.588644,0.518249,2.527174,2.764770,3.403257,4.726634,3.499536,3.447846,4.535904,4.048041,4.055447,4.424504
cWW,AU,cWW_AU_Exemplar.pdb,466D,466D_AU_1_A_2_A_,466D_AU_1_B_13_U_,4200,1.1,1.16,10.191008,4.726634,3.403257,2.764770,2.527174,0.253790,0.000000,0.518249,0.588644,2.278273,2.517014,3.235320,4.588691,3.447846,3.499536,4.424504,4.055447,4.048041,4.535904
cWW,GC,cWW_GC_Exemplar.pdb,3R1E,3R1E_AU_1_B_7_G_,3R1E_AU_1_A_2_C_,9316,1.1,0.97,10.742679,5.163788,3.783417,2.931567,2.566473,0.588644,0.518249,0.000000,0.307078,2.266830,2.647904,3.600948,5.011558,3.052651,3.123369,3.952798,3.541917,3.531637,4.103296
cWW,CG,cWW_CG_Exemplar.pdb,3R1E,3R1E_AU_1_A_2_C_,3R1E_AU_1_B_7_G_,9316,1.1,0.97,10.742679,5.011558,3.600948,2.647904,2.266830,0.518249,0.588644,0.307078,0.000000,2.566473,2.931567,3.783417,5.163788,3.123369,3.052651,4.103296,3.531637,3.541917,3.952798
cWW,GU,cWW_GU_Exemplar.pdb,3ND3,3ND3_BA1_2_A_2_G_,3ND3_BA1_1_A_15_U_,1144,i1.2,1.37,10.476845,6.331086,5.214564,4.998518,4.719907,2.527174,2.278273,2.266830,2.566473,0.000000,0.836091,2.558686,4.059795,3.438553,4.313322,3.850570,4.597187,4.473698,5.796510
cWW,AC,cWW_AC_Exemplar.pdb,1KFO,1KFO_BA1_2_A_12_A_,1KFO_BA1_1_A_7_C_,67,i1.2,1.6,10.227155,6.131353,5.180515,5.156597,4.998518,2.764770,2.517014,2.647904,2.931567,0.836091,0.000000,2.042863,3.380350,4.240559,5.025225,4.571208,5.300370,5.184209,6.412715
cWw,UU,cWw_UU_Exemplar.pdb,3SYW,3SYW_AU_1_B_8_U_,3SYW_AU_1_A_14_U_,216,1.6,1.57,8.797058,5.023753,4.398885,5.180515,5.214564,3.403257,3.235320,3.600948,3.783417,2.558686,2.042863,0.000000,1.662025,5.298039,5.846792,6.368557,6.799960,6.723532,7.591205
cwW,CC,cwW_CC_2_Exemplar.pdb,3RW6,3RW6_AU_1_H_49_C_,3RW6_AU_1_H_16_C_,6,1.6,2.3,8.125884,5.164954,5.023753,6.131353,6.331086,4.726634,4.588691,5.011558,5.163788,4.059795,3.380350,1.662025,0.000000,6.915506,7.385256,7.883841,8.314203,8.243282,9.007330
cWW,UC,cWW_UC_Exemplar.pdb,1S72,1S72_AU_1_0_900_U_,1S72_AU_1_0_764_C_,24,1.5,2.4,11.456970,7.385256,5.846792,5.025225,4.313322,3.499536,3.447846,3.052651,3.123369,3.438553,4.240559,5.298039,6.915506,0.000000,1.481166,2.769777,2.615621,2.548932,3.693156
cWW,CU,cWW_CU_Exemplar.pdb,1S72,1S72_AU_1_0_764_C_,1S72_AU_1_0_900_U_,24,1.5,2.4,11.456970,6.915506,5.298039,4.240559,3.438553,3.447846,3.499536,3.123369,3.052651,4.313322,5.025225,5.846792,7.385256,1.481166,0.000000,3.693156,2.548932,2.615621,2.769777
cWw,AA,cWw_AA_Exemplar.pdb,3BNQ,3BNQ_AU_1_B_18_A_,3BNQ_AU_1_A_8_A_,17,1.4,2,12.895281,9.007330,7.591205,6.412715,5.796510,4.535904,4.424504,3.952798,4.103296,3.850570,4.571208,6.368557,7.883841,2.769777,3.693156,0.000000,2.143659,1.909082,4.039117
cWW,GA,cWW_GA_Exemplar.pdb,2Q1R,2Q1R_BA1_1_A_1004_G_,2Q1R_BA1_2_A_1009_A_,191,1.3,1.12,12.738647,8.243282,6.723532,5.184209,4.473698,4.048041,4.055447,3.541917,3.531637,4.597187,5.300370,6.799960,8.314203,2.615621,2.548932,2.143659,0.000000,0.237521,1.909082
cWW,AG,cWW_AG_Exemplar.pdb,2Q1R,2Q1R_BA1_2_A_1009_A_,2Q1R_BA1_1_A_1004_G_,191,1.3,1.12,12.738647,8.314203,6.799960,5.300370,4.597187,4.055447,4.048041,3.531637,3.541917,4.473698,5.184209,6.723532,8.243282,2.548932,2.615621,1.909082,0.237521,0.000000,2.143659
cwW,AA,cwW_AA_2_Exemplar.pdb,3BNQ,3BNQ_AU_1_A_8_A_,3BNQ_AU_1_B_18_A_,17,1.4,2,12.895281,7.883841,6.368557,4.571208,3.850570,4.424504,4.535904,4.103296,3.952798,5.796510,6.412715,7.591205,9.007330,3.693156,2.769777,4.039117,1.909082,2.143659,0.000000
