Family,Base combination,FragmentFilename,PDBID,NT1ID,NT2ID,Count,LW 2002 subgroup,Resolution,UA,GG,AA,AC,AU,CU,CC,CA,AG,UG,
tHS,UA,tHS_UA_Exemplar.pdb,3GX5,3GX5_AU_1_A_57_U_,3GX5_AU_1_A_45_A_,30,10.2,2.4,11.680438,0.000000,0.565325,3.197307,3.096752,3.497902,3.767793,4.770520,4.004711,3.841069,3.245025
tHS,GG,tHS_GG_Exemplar.pdb,1LNT,1LNT_AU_1_A_7_G_,1LNT_AU_1_B_18_G_,36,10.2,1.7,11.709594,0.565325,0.000000,3.016163,2.854733,3.250170,3.435443,4.459674,3.747551,3.593488,3.017203
tHS,AA,tHS_AA_Exemplar.pdb,3V2F,3V2F_AU_1_A_2639_A_,3V2F_AU_1_A_2775_A_,82,10.1,2.7,9.462737,3.197307,3.016163,0.000000,0.547721,1.059672,1.330723,2.282431,2.112214,1.852719,2.795665
tHS,AC,tHS_AC_Exemplar.pdb,1LNT,1LNT_AU_1_B_20_A_,1LNT_AU_1_A_5_C_,30,10.1,1.7,9.612191,3.096752,2.854733,0.547721,0.000000,0.661280,0.935132,1.963764,1.686386,1.434561,2.327403
tHS,AU,tHS_AU_Exemplar.pdb,1S72,1S72_AU_1_0_2398_A_,1S72_AU_1_0_2390_U_,17,10.1,2.4,9.544834,3.497902,3.250170,1.059672,0.661280,0.000000,0.694857,1.399556,1.063637,0.813690,1.997835
tHS,CU,tHS_CU_Exemplar.pdb,1S72,1S72_AU_1_0_228_C_,1S72_AU_1_0_211_U_,8,10.1,2.4,9.593427,3.767793,3.435443,1.330723,0.935132,0.694857,0.000000,1.194477,1.321573,1.160750,2.308344
tHS,CC,tHS_CC_Exemplar.pdb,1Q96,1Q96_AU_1_A_22_C_,1Q96_AU_1_A_8_C_,12,10.1,1.75,9.087236,4.770520,4.459674,2.282431,1.963764,1.399556,1.194477,0.000000,1.126960,1.169627,2.512022
tHS,CA,tHS_CA_Exemplar.pdb,1S72,1S72_AU_1_0_1768_C_,1S72_AU_1_0_1775_A_,10,10.1,2.4,9.436080,4.004711,3.747551,2.112214,1.686386,1.063637,1.321573,1.126960,0.000000,0.267845,1.458065
tHS,AG,tHS_AG_Exemplar.pdb,3DVZ,3DVZ_AU_1_A_2657_A_,3DVZ_AU_1_A_2664_G_,788,10.1,1,9.488465,3.841069,3.593488,1.852719,1.434561,0.813690,1.160750,1.169627,0.267845,0.000000,1.515330
tHS,UG,tHS_UG_Exemplar.pdb,1S72,1S72_AU_1_0_265_U_,1S72_AU_1_0_246_G_,27,10.2,2.4,10.429725,3.245025,3.017203,2.795665,2.327403,1.997835,2.308344,2.512022,1.458065,1.515330,0.000000
