Family,Base combination,FragmentFilename,PDBID,NT1ID,NT2ID,Count,LW 2002 subgroup,Resolution,GA,GG,GC,GU,AG,AC,AU,AA,
tSs,GA,tSs_GA_Exemplar.pdb,3SD3,3SD3_AU_1_A_44_G_,3SD3_AU_1_A_8_A_,2,[12.2],1.95,8.153998,0.000000,0.510710,1.027570,2.088923,3.123062,3.765234,3.720197,4.656226
tSs,GG,tSs_GG_Exemplar.pdb,1LNG,1LNG_AU_1_B_166_G_,1LNG_AU_1_B_213_G_,48,12.2,2.3,8.424374,0.510710,0.000000,0.972643,1.724476,2.627179,3.275731,3.235580,4.167937
tSs,GC,tSs_GC_Exemplar.pdb,3V2F,3V2F_AU_1_A_2553_G_,3V2F_AU_1_A_2507_C_,5,12.2,2.7,8.960692,1.027570,0.972643,0.000000,1.853767,2.905697,3.459752,3.536804,4.292489
tSs,GU,tSs_GU_Exemplar.pdb,1S72,1S72_AU_1_0_1855_G_,1S72_AU_1_0_1874_U_,4,12.2,2.4,8.423098,2.088923,1.724476,1.853767,0.000000,1.871802,2.227445,2.109278,3.063131
tSs,AG,tSs_AG_Exemplar.pdb,4ENB,4ENB_AU_1_A_21_A_,4ENB_AU_1_A_3_G_,449,12.1,2.3,8.304804,3.123062,2.627179,2.905697,1.871802,0.000000,0.741881,0.860800,1.606574
tSs,AC,tSs_AC_Exemplar.pdb,2GDI,2GDI_AU_1_X_84_A_,2GDI_AU_1_X_50_C_,128,12.1,2.05,8.510144,3.765234,3.275731,3.459752,2.227445,0.741881,0.000000,0.553822,0.915266
tSs,AU,tSs_AU_Exemplar.pdb,1J1U,1J1U_AU_1_B_522_A_,1J1U_AU_1_B_508_U_,70,12.1,1.95,7.818509,3.720197,3.235580,3.536804,2.109278,0.860800,0.553822,0.000000,1.219735
tSs,AA,tSs_AA_Exemplar.pdb,3U5F,3U5F_AU_1_6_1300_A_,3U5F_AU_1_6_1143_A_,38,12.1,3,8.710796,4.656226,4.167937,4.292489,3.063131,1.606574,0.915266,1.219735,0.000000
