Family,Base combination,FragmentFilename,PDBID,NT1ID,NT2ID,Count,LW 2002 subgroup,Resolution,C1*-C1* distance,GA,GC,GG,GU,AG,AC,AU,AA
tSs,GA,tSs_GA_Exemplar.pdb,4LVZ,4LVZ_AU_1_A_44_G_,4LVZ_AU_1_A_8_A_,4,[12.2],,8.176518,0.000000,0.794936,0.821815,2.478565,3.399942,4.063641,4.026712,4.950479
tSs,GC,tSs_GC_Exemplar.pdb,3U5H,3U5H_AU_1_5_2922_G_,3U5H_AU_1_5_2876_C_,6,12.2,3,8.742820,0.794936,0.000000,0.795481,2.068333,3.216989,3.812994,3.824849,4.679130
tSs,GG,tSs_GG_Exemplar.pdb,1LNG,1LNG_AU_1_B_166_G_,1LNG_AU_1_B_213_G_,49,12.2,2.3,8.424374,0.821815,0.795481,0.000000,1.724476,2.627179,3.275731,3.235580,4.167937
tSs,GU,tSs_GU_Exemplar.pdb,1S72,1S72_AU_1_0_1855_G_,1S72_AU_1_0_1874_U_,4,12.2,2.4,8.423098,2.478565,2.068333,1.724476,0.000000,1.871802,2.227445,2.109278,3.063131
tSs,AG,tSs_AG_Exemplar.pdb,4ENB,4ENB_AU_1_A_21_A_,4ENB_AU_1_A_3_G_,467,12.1,2.3,8.304804,3.399942,3.216989,2.627179,1.871802,0.000000,0.741881,0.860800,1.606574
tSs,AC,tSs_AC_Exemplar.pdb,2GDI,2GDI_AU_1_X_84_A_,2GDI_AU_1_X_50_C_,133,12.1,2.05,8.510144,4.063641,3.812994,3.275731,2.227445,0.741881,0.000000,0.553822,0.915266
tSs,AU,tSs_AU_Exemplar.pdb,1J1U,1J1U_AU_1_B_522_A_,1J1U_AU_1_B_508_U_,71,12.1,1.95,7.818509,4.026712,3.824849,3.235580,2.109278,0.860800,0.553822,0.000000,1.219735
tSs,AA,tSs_AA_Exemplar.pdb,3U5F,3U5F_AU_1_6_1300_A_,3U5F_AU_1_6_1143_A_,47,12.1,3,8.710796,4.950479,4.679130,4.167937,3.063131,1.606574,0.915266,1.219735,0.000000
