Family,Base combination,FragmentFilename,PDBID,NT1ID,NT2ID,Count,LW 2002 subgroup,Resolution,UG,UU,UC,UA,GU,GC,CU,CC,AA,AU,CG,AC,AG,CA,
tWS,UG,tWS_UG_Exemplar.pdb,1S72,1S72_AU_1_0_121_U_,1S72_AU_1_0_51_G_,8,6.4,2.4,8.604215,0.000000,1.906948,3.322063,3.502997,3.243011,2.655823,5.113876,5.219016,5.592352,6.289303,5.270517,6.238814,6.505577,6.632442
tWS,UU,tWS_UU_Exemplar.pdb,CURATED_1GRZ_TWS_UU_EXEMPLAR,1GRZ_BA1_1_A_106_U_,1GRZ_BA1_1_A_258_U_,1,[6.3],5,8.203763,1.906948,0.000000,2.324369,3.083144,3.720007,3.093511,4.695020,4.843800,5.651105,6.376835,5.131868,6.556815,6.750832,6.727406
tWS,UC,tWS_UC_Exemplar.pdb,2AW7,2AW7_AU_1_A_1205_U_,2AW7_AU_1_A_1200_C_,3,6.3,3.46,8.644555,3.322063,2.324369,0.000000,1.618673,2.639354,2.240207,2.868613,2.813482,3.701065,4.460757,3.133648,4.799722,4.930350,4.906373
tWS,UA,tWS_UA_Exemplar.pdb,1S72,1S72_AU_1_0_779_U_,1S72_AU_1_0_776_A_,15,6.3,2.4,7.879595,3.502997,3.083144,1.618673,0.000000,1.895077,2.263408,3.664084,3.276359,3.459590,4.434568,2.305515,3.818839,3.922502,3.749525
tWS,GU,tWS_GU_Exemplar.pdb,3RG5,3RG5_AU_1_A_18_G_,3RG5_AU_1_A_55_U_,63,6.2,2,8.917343,3.243011,3.720007,2.639354,1.895077,0.000000,1.275270,3.586874,3.271973,2.875321,3.730782,2.492536,3.066631,3.371220,3.648979
tWS,GC,tWS_GC_Exemplar.pdb,1EC6,1EC6_AU_1_C_10_G_,1EC6_AU_1_C_7_C_,7,6.2,2.4,9.344945,2.655823,3.093511,2.240207,2.263408,1.275270,0.000000,2.949450,2.892994,3.016043,3.711659,3.067472,3.973781,4.262809,4.609528
tWS,CU,tWS_CU_Exemplar.pdb,MODEL_TWS_CU_EXEMPLAR,,,0,[6.1],NaN,10.469591,5.113876,4.695020,2.868613,3.664084,3.586874,2.949450,0.000000,0.812716,2.305666,2.414810,3.159091,4.461909,4.577519,4.954892
tWS,CC,tWS_CC_Exemplar.pdb,1ET4,1ET4_AU_1_B_324_C_,1ET4_AU_1_A_219_C_,8,6.1,2.3,10.117461,5.219016,4.843800,2.813482,3.276359,3.271973,2.892994,0.812716,0.000000,1.664317,1.983529,2.407556,3.777482,3.850489,4.187011
tWS,AA,tWS_AA_Exemplar.pdb,1S72,1S72_AU_1_0_2018_A_,1S72_AU_1_0_1829_A_,8,6.1,2.4,10.124341,5.592352,5.651105,3.701065,3.459590,2.875321,3.016043,2.305666,1.664317,0.000000,1.037810,1.761347,2.286431,2.400747,3.014518
tWS,AU,tWS_AU_Exemplar.pdb,CURATED_MODEL_TWS_AU_EXEMPLAR,,,2,[6.1],NaN,10.918675,6.289303,6.376835,4.460757,4.434568,3.730782,3.711659,2.414810,1.983529,1.037810,0.000000,2.746448,2.910389,3.019128,3.745213
tWS,CG,tWS_CG_Exemplar.pdb,3V2F,3V2F_AU_1_B_27_C_,3V2F_AU_1_B_24_G_,20,6.1,2.7,9.134901,5.270517,5.131868,3.133648,2.305515,2.492536,3.067472,3.159091,2.407556,1.761347,2.746448,0.000000,2.062536,2.006414,1.978893
tWS,AC,tWS_AC_Exemplar.pdb,3U5H,3U5H_AU_1_5_882_A_,3U5H_AU_1_5_877_C_,3,[6.1],3,9.449423,6.238814,6.556815,4.799722,3.818839,3.066631,3.973781,4.461909,3.777482,2.286431,2.910389,2.062536,0.000000,0.486734,1.442525
tWS,AG,tWS_AG_Exemplar.pdb,1L2X,1L2X_AU_1_A_24_A_,1L2X_AU_1_A_7_G_,136,6.1,1.25,9.264229,6.505577,6.750832,4.930350,3.922502,3.371220,4.262809,4.577519,3.850489,2.400747,3.019128,2.006414,0.486734,0.000000,1.060700
tWS,CA,tWS_CA_Exemplar.pdb,1S72,1S72_AU_1_0_1983_C_,1S72_AU_1_0_1981_A_,2,6.1,2.4,8.724234,6.632442,6.727406,4.906373,3.749525,3.648979,4.609528,4.954892,4.187011,3.014518,3.745213,1.978893,1.442525,1.060700,0.000000
