Family,Base combination,FragmentFilename,PDBID,NT1ID,NT2ID,Count,LW 2002 subgroup,Resolution,C1*-C1* distance,UG,CA,AA,GG,AC,GU,UU,AU,CC,CU,UC,UA,GC,CG
tWW,UG,tWW_UG_Exemplar.pdb,1S72,1S72_AU_1_0_1966_U_,1S72_AU_1_0_1970_G_,4,2.3,2.4,11.917735,0.000000,0.599199,3.387381,3.154796,4.091780,4.439986,3.159569,4.151424,4.263487,4.388269,4.174132,2.574689,6.909490,5.393721
tWW,CA,tWW_CA_Exemplar.pdb,1S72,1S72_AU_1_0_2037_C_,1S72_AU_1_0_1742_A_,14,2.3,2.4,12.261531,0.599199,0.000000,2.805135,2.576839,3.693141,4.091780,3.103963,3.905132,4.338264,4.454692,4.278523,2.519262,6.756826,5.459185
tWW,AA,tWW_AA_Exemplar.pdb,1NUV,1NUV_AU_1_A_25_A_,1NUV_AU_1_G_25_A_,69,2.4,1.81,13.470504,3.387381,2.805135,0.000000,0.413441,2.810877,3.392965,4.097864,4.003749,5.667931,5.766736,5.766387,4.000825,6.848409,6.844920
tWW,GG,tWW_GG_Exemplar.pdb,1NUV,1NUV_AU_1_C_26_G_,1NUV_AU_1_E_26_G_,10,2.4,1.81,13.260880,3.154796,2.576839,0.413441,0.000000,2.472165,3.053051,3.704318,3.631748,5.267352,5.371527,5.377195,3.680077,6.535065,6.584567
tWW,AC,tWW_AC_Exemplar.pdb,1S72,1S72_AU_1_0_1742_A_,1S72_AU_1_0_2037_C_,14,2.3,2.4,12.261531,4.091780,3.693141,2.810877,2.472165,0.000000,0.599199,2.363737,2.519262,4.117928,4.278523,4.454692,3.905132,5.459185,6.756826
tWW,GU,tWW_GU_Exemplar.pdb,1S72,1S72_AU_1_0_1970_G_,1S72_AU_1_0_1966_U_,4,2.3,2.4,11.917735,4.439986,4.091780,3.392965,3.053051,0.599199,0.000000,2.261157,2.574689,3.998185,4.174132,4.388269,4.151424,5.393721,6.909490
tWW,UU,tWW_UU_Exemplar.pdb,2QBG,2QBG_AU_1_B_2586_U_,2QBG_AU_1_B_1782_U_,5,2.6,3.3,10.908093,3.159569,3.103963,4.097864,3.704318,2.363737,2.261157,0.000000,2.794032,2.750280,3.008333,3.082718,3.229043,5.683172,6.075306
tWW,AU,tWW_AU_Exemplar.pdb,1S72,1S72_AU_1_0_2467_A_,1S72_AU_1_0_2109_U_,70,2.1,2.4,11.041676,4.151424,3.905132,4.003749,3.631748,2.519262,2.574689,2.794032,0.000000,2.349296,2.367876,2.578947,2.460556,3.234731,4.678343
tWW,CC,tWW_CC_Exemplar.pdb,1B23,1B23_AU_1_R_16_C_,1B23_AU_1_R_59_C_,7,2.6,2.6,9.689192,4.263487,4.338264,5.667931,5.267352,4.117928,3.998185,2.750280,2.349296,0.000000,0.329542,0.583243,2.619746,3.822003,4.165627
tWW,CU,tWW_CU_Exemplar.pdb,1S72,1S72_AU_1_0_1394_C_,1S72_AU_1_0_1432_U_,3,2.5,2.4,9.633183,4.388269,4.454692,5.766736,5.371527,4.278523,4.174132,3.008333,2.367876,0.329542,0.000000,0.424456,2.578947,3.664593,3.923810
tWW,UC,tWW_UC_Exemplar.pdb,1S72,1S72_AU_1_0_1432_U_,1S72_AU_1_0_1394_C_,3,2.5,2.4,9.633183,4.174132,4.278523,5.766387,5.377195,4.454692,4.388269,3.082718,2.578947,0.583243,0.424456,0.000000,2.367876,3.923810,3.664593
tWW,UA,tWW_UA_Exemplar.pdb,1S72,1S72_AU_1_0_2109_U_,1S72_AU_1_0_2467_A_,70,2.1,2.4,11.041676,2.574689,2.519262,4.000825,3.680077,3.905132,4.151424,3.229043,2.460556,2.619746,2.578947,2.367876,0.000000,4.678343,3.234731
tWW,GC,tWW_GC_Exemplar.pdb,1J1U,1J1U_AU_1_B_515_G_,1J1U_AU_1_B_549_C_,57,2.2,1.95,10.418220,6.909490,6.756826,6.848409,6.535065,5.459185,5.393721,5.683172,3.234731,3.822003,3.664593,3.923810,4.678343,0.000000,4.823093
tWW,CG,tWW_CG_Exemplar.pdb,1J1U,1J1U_AU_1_B_549_C_,1J1U_AU_1_B_515_G_,57,2.2,1.95,10.418220,5.393721,5.459185,6.844920,6.584567,6.756826,6.909490,6.075306,4.678343,4.165627,3.923810,3.664593,3.234731,4.823093,0.000000
