cHH	Family	LSW 2002 Isosteric Groups	Updated Isosteric Groups	Count	AG	GA	GG	GC	CG	GG
AG	cHH	I7.2	I7.2	2	0.00	3.43	14.42	14.03	13.64	13.88
GA	cHH	I7.2	I7.3	2	3.43	0.00	13.88	13.64	14.03	14.42
GG	cHh	I7.1	I7.1	2	14.42	13.88	0.00	1.70	10.51	11.46
GC	cHH	I7.1	I7.1b	1	14.03	13.64	1.70	0.00	9.40	10.51
CG	cHH	I7.1	I7.1a	1	13.64	14.03	10.51	9.40	0.00	1.70
GG	chH	I7.1	I7.1	2	13.88	14.42	11.46	10.51	1.70	0.00
