tSS	Family	LSW 2002 Isosteric Groups	Updated Isosteric Groups	Count	GA	GG	GC	GU	AU	AG	AA	AC
GA	tSs	(I12.2)	I12.2	2	0.00	1.06	1.94	2.71	4.29	3.99	4.49	4.69
GG	tSs	I12.2	I12.2	16	1.06	0.00	1.05	2.13	3.66	3.20	3.64	3.92
GC	tSs	I12.2	I12.2	6	1.94	1.05	0.00	1.86	3.59	2.93	3.17	3.54
GU	tSs	I12.2	I12.2	3	2.71	2.13	1.86	0.00	2.22	1.93	2.17	2.30
AU	tSs	I12.1	I12.1	41	4.29	3.66	3.59	2.22	0.00	1.00	1.48	1.11
AG	tSs	I12.1	I12.1	335	3.99	3.20	2.93	1.93	1.00	0.00	0.79	0.89
AA	tSs	I12.1	I12.1	22	4.49	3.64	3.17	2.17	1.48	0.79	0.00	0.60
AC	tSs	I12.1	I12.1	75(C)	4.69	3.92	3.54	2.30	1.11	0.89	0.60	0.00
